solver_type MCSVM_CS
nr_class 20
label 971 41 197 89 1208 718 943 592 793 729 968 1147 1221 52 132 397 875 1333 1150 787
nr_feature 251
bias 0.000000000000000
w
-0.01454375870709612 0.1834983263054973 0.1723785862451867 -0.03689663829197788 -0.2400384663572086 -0.01564210137135103 -0.02665667473115058 -0.04234955756033734 -0.04473598959446763 0.01809228378359268 0.008348659120564626 0.0009006230628959080 -0.03968429528927683 0.003063375918226508 0.0001916222545855623 0.1574873695425951 -0.01715452438993299 -0.02245346170238469 -0.01963759484128800 -0.02416778339667506 
-0.006572430793941322 -0.08335382736391345 -0.1843866272273343 -0.06596874180266421 0.6164423002658231 -0.005138323909847844 0.02709173192983480 0.01913829484808286 -0.01103013681530160 -0.02152889262588828 -0.03119703737694480 -0.02402045149635739 0.008749666087732550 -0.03116304399564877 -0.02725547068648483 -0.1729774727593556 -0.004960856591376561 0.006892679975128323 0.001725484275632553 -0.01048684393717473 
0 -0.02220559692509938 -0.1157141309438899 0.1881825553440003 -0.07564955622458170 0 0 0 0.05156244782793877 0 0 0 -8.673617379884035e-19 0 0 -0.02617571907836807 0 0 0 0 
0 0 0 0 0 0 0 0 0 0 0 0 0 0 0 0 0 0 0 0 
0 0 0 0 0 0 0 0 0 0 0 0 0 0 0 0 0 0 0 0 
-0.009713778650829390 -0.05224652324867353 -0.04644261174946560 0.07324412585236384 0.1133243326435177 -0.009110225872910452 -0.01677503392548695 0.03167141102426238 -0.02680047382422965 -0.07366699825084833 0.008782958893390475 0.01620969640560790 -0.01243115378706499 0.001363851153764937 0.008962778116458462 0.02462824736064807 -0.01200997571168262 0.009024841624885213 -0.005817413358702428 -0.02219805469500620 
-0.003051313640582327 0.08336769283650142 0.1112936422910150 -0.07709025227357148 0.1599584434980617 -0.003013338718809461 0.02369742679395059 -0.05336716995751087 -0.007407848704439157 -0.04928068338689680 -0.007554570178484151 -0.01746299274952152 -0.01822352235747276 -0.01221308407225914 -0.004318681828645221 -0.09569344099952370 0.003897380690816937 -0.02082589337234859 -0.004739664585630066 -0.007972129284650674 
-0.007140151758990224 0.1020414973608852 0.02444687558880780 0.09026157525170594 0.02747150154245342 -0.006468333215127742 -0.0009007589231169564 0 -0.0009691277719509059 -0.05204632656098776 -0.01879829919582982 -0.02186653208954786 -0.0002799530570065431 -0.01255631926826432 -0.007480310838289111 -0.08912418577246278 -0.01292515859926845 -0.003759729979793004 -0.005421819359024435 -0.004484443354192921 
-0.001210945450635492 -0.05522376493222848 -0.1428457822647032 0.003889520500347000 0 -0.002188527474351207 0 0 0.03097377171878925 0.07606360385621165 -0.005021855149218435 0 -8.673617379884035e-19 -0.004694115890663736 -0.01525462140628324 0.1185235571162098 -0.001077627361175448 0 -0.001933213262298533 0 
0 0 0 0 0 0 0 0 0 0 0 0 0 0 0 0 0 0 0 0 
0 0 0 0 0 0 0 0 0 0 0 0 0 0 0 0 0 0 0 0 
0 0 0 0 0 0 0 0 0 0 0 0 0 0 0 0 0 0 0 0 
0 0 -0.07417429579169156 -0.004987794081487237 0 0 -0.005586576746662478 -0.001515503779006028 0 0.09549379550022562 -0.0002566126262382035 0 0 0 -0.008973012475140166 0 0 0 0 0 
0 0 0 0 0 0 0 0 0 0 0 0 0 0 0 0 0 0 0 0 
0 0 0 0 0 0 0 0 0 0 0 0 0 0 0 0 0 0 0 0 
0 0 0 0 0 0 0 0 0 0 0 0 0 0 0 0 0 0 0 0 
0 0 0 0 0 0 0 0 0 0 0 0 0 0 0 0 0 0 0 0 
0 0 0 0 0 0 0 0 0 0 0 0 0 0 0 0 0 0 0 0 
0 0 0 -1.734723475976807e-18 1.040834085586084e-16 -4.336808689942018e-19 5.421010862427522e-20 -0.01924402058594451 0 0 -0.006246234408646023 0 0 0 -0.007949514273899939 -0.06502364905397241 0 -0.003928510757335824 0.04672970556045439 0.05566222351934425 
0 0 -0.03294726010457621 -0.006880267248028882 0.1615083079865114 1.084202172485504e-19 -0.04649728659098837 -0.003705743006328134 -0.001345165369547519 0 0 0 -0.002453181140476323 -0.01221308407225914 0 -0.03428680031799795 -0.001410093544546709 -0.007314247613747482 -0.004483049693364017 -0.007972129284650676 
8.673617379884035e-19 0 8.673617379884035e-19 -0.001965596176057451 0.1805365909848596 8.673617379884035e-19 -0.02860498044233578 -0.05706776998605465 8.673617379884035e-19 8.673617379884035e-19 -0.01743909656690337 8.673617379884035e-19 -0.03354320724881314 8.673617379884035e-19 -0.01741816436255337 -3.469446951953614e-18 -1.734723475976807e-18 -0.02082589337234859 -0.003671882829793386 1.084202172485504e-18 
0 -0.02578322054960536 -0.02255053323428560 -0.0006573543655726821 0.1466770597279112 -1.084202172485504e-19 1.605974467994153e-18 -0.02156927329147018 -0.002277122741314930 0 -8.673617379884035e-19 0 -0.001049410168601781 0 0 -0.04463563967710631 -0.001865972917162440 -0.005988128357310394 -0.001812280737913381 -0.01848812368756807 
-0.0005915744847232229 0 0 -0.008643964996572032 0.1504942947595863 -0.001439220729924576 -0.04730664757992096 -0.02215892973350309 3.252606517456513e-19 0 0 -0.004899152475269130 -0.01822352235747276 -0.005676658768637810 4.336808689942018e-19 -0.007338215271480974 0 -0.01233943289559452 -0.005670673369194178 -0.01620630209729306 
0 -0.03570737772433534 -0.01258423649905256 0 0.1030999262752783 0 -0.001693162966356310 -0.02626707870415179 -0.007407848704439157 0 1.084202172485504e-19 0 0 0 0 8.673617379884035e-19 -0.01072909204934671 -0.007954880018107980 -0.0007562496094885010 2.168404344971009e-19 
-0.001882839624577581 -0.004428891935412205 -8.673617379884035e-19 -0.001408937490251040 0.1461761522547174 -0.003363631197819661 -0.009761643550356336 -0.05586488041843161 0 0 0 -0.004859176932705368 -0.004597799887606646 -0.003065920948869128 2.168404344971009e-19 -0.01223119384697400 -0.0009608831407628582 -0.01291472276030550 -0.007353118133638345 -0.02348251238700718 
0 -0.01743433715456062 -0.03658828518575992 -0.01252240047642621 0.1625086942399420 0 -0.006895721439485045 -0.02062854292061580 -5.421010862427522e-20 -0.007280261800563581 -1.084202172485504e-18 0 -0.04305042278671394 0 0 -0.008039745244322516 0 -0.008709278823017197 -0.001359698408477361 1.626303258728257e-19 
-0.002007518142180831 0 0 -0.005256350766899409 0.1029246278713794 -0.002714757117104627 -0.05317620905801736 -0.009494269789262022 0 0 0 -0.003734218165197189 -0.005310232858145358 0 0 -0.001422229347501690 -0.002060618208904663 -0.01183336835885522 -0.005914856059310706 2.168404344971009e-19 
-0.002090498542459685 -4.404571325722362e-20 0 0 0.1032805863584736 -0.002971083915032647 -0.01367783555286339 -0.02551909060065580 0 0 0 -0.01052790392318570 -0.007742604407430973 -0.01020738020588270 -0.001887792050031534 4.336808689942018e-19 -0.0006070625682364828 -0.01843532715379908 -0.009614007438895471 4.336808689942018e-19 
4.065758146820642e-20 1.626303258728257e-19 -0.04345953619023906 -0.02863387028285656 0.1533991113031993 -5.421010862427522e-20 -0.04902774275434538 -0.01564438821627283 2.710505431213761e-20 -0.01424863082532470 -0.007511706401395401 -6.776263578034403e-21 -0.0002799530570065446 0 0 0 0.01554779455459301 -0.007863529914449910 -0.002277548215901981 -8.673617379884035e-19 
0 0 0 0 0.04965731440417325 0.005784963828412544 -0.04965731440417320 -0.005784963828412537 0 0 0 0 4.336808689942018e-19 0 0 0 -2.168404344971009e-19 4.065758146820642e-20 -8.673617379884035e-19 0 
0 0 -0.03625677601342085 0 0.04536732706636808 -0.0004345947783788828 -0.003710170768714005 0 0 0 0 0 0 0 0 0 -0.002874928717009717 0 -0.002090856788844575 0 
0 0 0 0 0 0 0 0 0 0 0 0 0 0 0 0 0 0 0 0 
0 0 0 0 0 0 0 0 0 0 0 0 0 0 0 0 0 0 0 0 
0 0 0 0 0 0 0 0 0 0 0 0 0 0 0 0 0 0 0 0 
0 0 0 0 -0.2201715337020528 0 2.168404344971009e-19 -0.02982846629794724 0 0 0 0 0.1250000000000000 0 0 0 0 0.1250000000000000 1.734723475976807e-18 0 
0 0 0 0 0 0 0 0 0 0 0 0 0 0 0 0 0 0 0 0 
0 0 0 0 0 0 0 0 0 0 0 0 0 0 0 0 0 0 0 0 
0 0 0 0 0 0 0 0 0 0 0 0 0 0 0 0 0 0 0 0 
0 0 0 0 0 0 0 0 0 0 0 0 0 0 0 0 0 0 0 0 
0 0 0 0 -0.1250000000000000 0 0.1250000000000000 0 0 0 0 0 0 0 0 0 0 0 0 0 
0 0 0 0 0 0 0 0 0 0 0 0 0 0 0 0 0 0 0 0 
0 0 0 0 -0.1250000000000000 0 0 0.1250000000000000 0 0 0 0 0 0 0 0 0 0 0 0 
0 0 0 0 -0.4190161592645243 0 0.2121004470373909 0.2069157122271330 0 0 0 0 0 0 0 0 0 0 -8.673617379884035e-19 0 
0 0 0 0 0 0 0 0 0 0 0 0 0 0 0 0 0 0 0 0 
0 0 0 0 0 0 0 0 0 0 0 0 0 0 0 0 0 0 0 0 
-0.02742025493445519 -0.06277244664289397 -0.008392784738253084 -0.08056783267649294 0.04444247062258106 0 -0.02170563987231797 -0.01924402058594451 0 0 -0.006246234408646023 -0.06220595601945805 0 -0.01221308407225914 -0.007949514273899939 0.2145249462044404 2.710505431213761e-20 -0.003928510757335824 0.01462949290868826 0.03904936924624690 
-0.03562394378542461 -0.07124149047568518 -0.03294726010457620 -0.08817895780042403 0.1785306077580997 -4.336808689942018e-19 -0.05154793481878477 -0.01215955443868583 -0.005299304241181924 -4.336808689942018e-19 0.04469426762830907 -0.07073296379601005 -0.03354320724881315 -0.01268891926503871 -0.01432174942583689 0.2124116594972647 1.734723475976807e-18 -0.02082589337234859 0.01347464388913641 0 
-0.02621623660130948 -0.1060268694583698 -0.01714246521684838 -0.07879733845423655 0.1864487886138421 -6.776263578034403e-21 -0.04871574903640737 -0.05706776998605466 -0.0009691277719509070 -0.02152889262588828 0.05437424683677982 -0.06113761563274076 -0.01850347541447930 -0.003244988606628641 -0.004855990205165723 0.2127342176730037 -0.004128627740215607 -0.002944558157428490 -0.002277548215901982 6.505213034913027e-19 
1.409462824231156e-18 -0.06208932373571744 0.01337083619606418 -0.005613697289312005 0.1187549858325084 -3.469446951953614e-18 -0.05116049660643660 -0.02542973274983432 0.02850415688894043 -0.06321924113593744 -0.004817718391656590 -0.01199260788734135 -0.003502591309078105 -0.0009769882558380827 -0.01741816436255337 0.1133418334578162 0.007782962044926160 -0.01330237597105788 -0.003743713037924084 -0.01848812368756808 
-0.001395235306544025 -0.09786678367740914 0.07615898748752660 -0.02919746914076480 0.1233372824215525 -0.0008931547312133490 -0.05336748517288719 -0.01955385694997227 -0.01100938741998601 0 -0.004177043559917104 0 -0.01741352359682315 -0.004318277193024726 -0.007768798083236106 0.06380883076564310 -0.003145609526338399 -0.01035136991827283 -0.002847106398333080 0 
0 -0.02387256127541048 0.1258778681798080 -0.03498241547130233 0.1178444189094822 0 -0.01047984983437297 -0.05440127033982484 -1.734723475976807e-18 0 -0.008100499414354070 0.01230073815837772 -0.002765824304473919 0.03383426177416533 -0.004570096188025008 -0.1250000000000000 0 -0.006941261761418069 -0.002537206335358764 -0.01620630209729306 
-0.002524962540228622 -0.08145884319164215 0.09339448111921589 -0.03629824307974326 0.07881168785867560 0.0002810500234866360 -0.009761643550356334 -0.03002027173874427 -0.01216879829338119 0 -0.001443257181277877 -0.003135209955668029 -0.01855013687130638 2.168404344971009e-18 -0.006614200937728594 0.05250309043527967 -0.004834664522740780 -0.01331410636977124 -0.004865971204069599 -8.673617379884035e-19 
-0.003642888125305550 -0.1595572137977578 0.05950558082645021 8.673617379884035e-19 0.05184314069132968 -0.004017964670355151 -0.006840479783967438 -0.02766764555275632 0 0 -0.003775238332826262 -0.004134593659136886 -4.336808689942018e-19 0 -0.004318681828645217 0.1250000000000000 -0.004286719098808641 -0.01233943289559451 -0.005767863772626380 0 
-0.003890357766758413 -0.004428891935412206 0.1250000000000000 -0.05040040862824272 0.1089272270411526 -0.004522411298605397 -0.05317620905801737 -0.002145560815189663 0 0 -0.01050644301818122 -0.008978075355527155 -0.009908032745752015 -0.006345992088963403 -0.007921056040574092 -0.02051146635113181 -0.003021501349667520 -0.01635295650641091 -0.008335351695710841 -0.02348251238700718 
-0.005118222725286612 -0.02868933151438341 -0.002934294310782116 -0.04268416149678592 0.07040095889208957 -0.005427635218689384 -0.01113548622169462 -0.02551909060065581 0 -0.05019171223707759 -0.007694316338120035 -0.02664781006606315 -0.005491575711940655 -0.005971545051406531 -0.003465875579393910 0.1809913658068902 -0.007387062275200989 -0.01149406539238100 -0.009429133849212340 -0.002111006109905333 
0 0.03456267489397619 -0.06979238622889994 0.02705657849302842 -0.01439959799070381 -8.673617379884035e-19 -0.006895721439485047 -0.02062854292061580 0 0 -0.0007805337898222580 -0.0007987214157541880 0.07874373800112236 0 0 -0.01699851037135161 0 -0.008709278823017197 -0.001359698408477361 0 
0 0.06526585180691980 -0.09602804056749545 0.04038405295194551 0 0 -0.0003037193710007325 0 0 0 -0.002680178054815397 -0.002157037568301656 0 0 -2.168404344971009e-19 -0.004480929197251821 0 0 0 0 
-0.004112427576163295 0.2448176365303649 -0.1024697146937330 -0.01695834466746790 0 -0.004011781911471002 -0.0009007589231169556 1.734723475976807e-18 0 -0.001060286558652646 -0.006944785554955203 0.04835622143738555 1.626303258728257e-19 -0.008956607210769268 -0.01069302557203705 -0.1289415438970768 -0.002016531152088330 -0.0008151718223645132 -0.002919441183567091 -0.002373437244287587 
0.09003928531107382 0.1391446871262485 -0.006048008762778834 0.03543065635628241 0 0 -0.003117144521870245 -0.02205956648403813 0 -0.01461638643197186 -0.03062276356167663 -0.03808207115597113 0 1.084202172485504e-19 -0.01308117411141763 -0.1369875137638801 0 0 0 0 
0 0.02318540751159129 -0.001163486687277259 0.03871392234621917 -0.1250000000000000 0 0.1230295051186715 0 0 0 -0.02005142594298555 -2.778268066994105e-18 0 0 0 -0.03871392234621922 0 0 0 0 
0 0.03971351391289064 -0.1360832890421913 0.1243485871417379 -0.2201715337020528 0 0 0.08728541200193485 0 -0.02690420813685854 0 0.09412162051496005 0 0 0.1023695471972638 -0.1704378499078297 0 0.1057582000201447 0 0 
-0.001210945450635492 0.2292528859391750 -0.07385389959057521 0.03805004074640439 0 -0.002188527474351207 0 -5.421010862427522e-20 -0.003261217744270878 0.07859032278386516 -0.01381984254599663 -0.01289574603221240 -1.734723475976807e-18 -0.007217528107659072 -0.01748205654550946 -0.1999100303007247 -0.001077627361175448 0 -0.001933213262298533 -0.01104261505403548 
0 0 -0.07417429579169156 0.1200122059185128 -0.1091500284292936 0 0.05115821113420234 0.05088973676942265 0 0.09549379550022562 -0.0002566126262382035 0 0 0 -0.008973012475140166 -0.1250000000000000 0 0 0 0 
0 0 0 0.1250000000000000 -0.07217886591202691 0 0.1250000000000000 -0.05282113408797309 0 0 0 3.469446951953614e-18 0 0 0 -0.1250000000000000 0 0 -8.673617379884035e-19 0 
0 0 0 0 -0.1038517979343132 0 0.01178056259225983 0.09207123534205343 0 0 0 0 0 0 0 0 0 0 0 0 
0 0 0 1.734723475976807e-18 -0.1338354669888903 0 0.01857509656426623 0.1152603704246240 0 0 0 0.1250000000000000 0 0 0 -0.1250000000000000 0 0 0 0 
0 0 0 0 0 0 0 0 0 0 0 0 0 0 0 0 0 0 0 0 
0.03573956467881075 -0.08367946523594773 -0.1333927847382531 0.02793499376201189 -0.07558044360113503 0 8.673617379884035e-19 -0.001460778714497513 2.168404344971009e-19 -3.469446951953614e-18 -0.08595283166055911 0.02927565448572801 2.168404344971009e-19 -0.01593390787166735 -0.01917773963100261 0.3432705320544414 0 0 -0.01240206853948314 -0.008640724988446674 
0 0.04117872746672963 -0.04194126017129905 -0.03978371755011730 0.007880971504521817 0 0 -5.421010862427522e-20 0 -0.01423460787020525 -0.005188074309584347 -0.004803725696759797 0 -0.001360335259320045 0 0.05825202188603407 0 0 0 0 
0 -0.1075820892363807 0 0.01381154019691255 0 0 0 0 0 0 0 -0.004796401982187559 0 0 -0.005047470972467405 0.1036144219941231 0 -4.336808689942018e-19 0 0 
0 -0.1019418376843702 -0.05839202621883871 0.09154552424750001 -0.01142386519427879 0 0 0 0 0 -0.02172963283438251 -0.009656186118150957 0 0 -0.009909223667874566 0.1217520230982351 0 -0.0002447756278394664 0 0 
0 -0.1198958064399544 -0.06467360351904627 0.06467360351904627 0 0 0 0 0 0 0 0 0 0 0 0.08781483782018200 0 0 0.03208096861977237 4.336808689942018e-19 
-0.002090498542459685 0.1250000000000000 -0.02053114552159974 -0.02426302834565166 0.07040095889208958 -0.002971083915032646 -0.01113548622169462 -0.02551909060065580 0 0 -0.0007805337898222580 -0.0007987214157541862 -0.008697414924104363 0 -0.001887792050031534 -0.07542073171500872 -0.0006070625682364827 -0.01149406539238100 -0.002537733455765463 -0.006666570433891516 
0 0 0.07633174812431720 0.07750875746226578 0 0 0 0 0 0 -0.01610505244563524 0 -2.168404344971009e-19 0 0 -0.1377354531409477 0 0 0.002403564580693601 -0.002403564580693551 
-0.001395235306544026 -0.008586723892591797 0.1250000000000000 -0.01940632694256704 0.1181638693722120 -0.0004585599528344660 0 -0.01067864616772480 -0.01100938741998601 0 -0.004177043559917104 0 -0.01741352359682315 -0.004318277193024726 -0.007768798083236106 -0.03545410689594073 -0.0002706808093286828 -0.006325000657500676 -0.05563391742812196 -0.06026764146607069 
0 -0.1122125802228343 -0.002671860821647776 -0.01011555895551797 0.009046096609025089 0 0 -0.002878582545908115 0 0 0 0 0 0 0 0.08782123780269362 0 0 0.03101124813418937 0 
0 -0.1018145924884087 -0.001163486687277259 0.1250000000000000 -6.938893903907228e-18 4.336808689942018e-19 -0.001970494881328523 0 0 0 0.09870233964836843 -1.301042606982605e-18 0 0 0 -0.1250000000000000 0 4.336808689942018e-19 0.006246234408646042 -4.281751548370488e-19 
0 -0.01457409936327103 0 -0.04846834952722858 0.01741816436255329 0 5.421010862427522e-20 -0.007886121700117910 0 -0.02690420813685854 0 -0.008764775206906217 -5.421010862427522e-20 0 0.09963232136354670 0 0 -0.01840244606561767 0.007949514273899887 0 
0 0 0 0 0.003891922434403748 0 -0.06825521211913518 0.05720659015928516 0 0 0 -0.001723966977037339 -3.252606517456513e-19 -0.003065920948869128 0 1.301042606982605e-18 0 0 0.01194658745135260 1.084202172485504e-19 
-0.01322523555704765 0.0006804872154086983 -0.07520226380064772 -6.938893903907228e-18 0 0 0 0 0 0 0.09369674922291463 0 0 0 0 -0.005949737080627929 0 0 0 0 
-1.260385025514399e-18 -0.06915425503786886 0.06915425503786887 0.04737465857915180 0.02767888883963717 0 0 -0.01564438821627283 0 0 -0.01050644301818122 -0.005243857190329960 -4.878909776184770e-19 -0.006345992088963403 -0.007921056040574092 -0.02051146635113183 -0.003961372756313896 -0.004918971757021429 0 0 
-0.001882839624577581 0.1205711080645878 -0.03212140077159616 -0.04357693240691098 -0.009079377702981200 -0.001807654181500773 0 -0.01769139906426136 -0.002277122741314930 -0.01791179581181268 -0.007887735267452590 -0.008856579151584843 -0.005647210056208433 -0.007816723982151186 -0.002227435139226230 1.301042606982605e-18 -0.002826856057925297 -0.01050771650486609 -0.004232776374313524 0.05578044677409624 
0 -0.03293357915840184 -0.05285682857022706 0.03533938867991069 0.005520094481498138 1.301042606982605e-18 3.523657060577889e-19 -0.002145560815189662 0 0 0 -1.043544591017298e-18 0 0 0 0.04707648538240968 0 0 0 0 
-0.007366807609913998 -0.05135370400001268 0.1584032399195219 -0.003638472695920731 -0.09738490301239731 0 0.06647855781318572 0.06300899614997019 0 -0.01461638643197186 -0.01513326973523206 0.03903389629625479 -0.0005147956089835981 -0.01098250131246024 -0.01308117411141763 -0.1128526756606226 1.301042606982605e-18 0 1.409462824231156e-18 0 
-0.002007518142180831 0 0 0 0.03434653741928755 -0.002714757117104627 0.07182379094198260 -0.07259475945157132 0 0 0 -0.003734218165197189 -0.005310232858145358 0 0 0 -0.002060618208904663 -0.01183336835885522 -0.005914856059310706 2.168404344971009e-19 
0 0.002652020502825925 -0.1412993097275483 -0.02493700473964768 0.02273683075026307 0 0 0 0 0 0 0.07905643797991177 0 0.07231477191219915 0 0 2.710505431213761e-20 0 -0.002551617393353300 -0.007972129284650676 
0 0 0 0 -0.08612620292196399 0 -0.1132194374077402 0.09517153370205275 0 0 0 0 0 0 0 0 0 0.1041741066276514 0 0 
0 0.1250000000000000 -0.08630912488572191 0.04408342820333399 0.008643964996571989 0 -2.168404344971009e-19 4.336808689942018e-19 0 0 0 -0.03731425372354504 0 -0.002371832993911482 -0.003917399115737475 -0.04781478248099020 0 0 0 0 
-0.0005915744847232229 0.1250000000000000 -0.09577014899026441 -0.02787986163051026 0.04633442487207646 -0.001439220729924573 -0.0003037193710007299 -0.02215892973350309 0 0 -0.001046270008224592 -0.004134593659136887 -4.336808689942018e-19 0 -2.168404344971009e-19 2.168404344971009e-19 0 -0.01233943289559451 -0.005670673369194179 0 
0 0.2242167794503946 -0.01689452774114998 -0.06360278970200545 0.02578322054960535 0 0 0 0 0 -0.001633908046590804 -0.002157037568301656 0 0 0 -0.1657117369419520 0 0 0 0 
0 -0.02772276219107656 -0.09727723780892344 0 0.002108544463257236 0 0 0 -0.002108544463257234 0 0 0 0 0 0 0.1250000000000000 0 0 0 0 
-0.003051313640582328 -0.03455721379775786 0.05950558082645021 -0.0006573543655726821 0.004535228592781526 -0.002578743940430580 -0.006840479783967439 -0.003877874227208822 0 0 -0.003775238332826262 0 0 0 -0.004318681828645217 0 -0.004286719098808641 0 -9.719040343220131e-05 0 
-4.336808689942018e-19 -3.252606517456513e-19 0 -0.006880267248028882 -0.02237378632520625 -3.252606517456513e-19 0.07553266635991970 -0.03375592511836662 -0.001345165369547519 -3.252606517456513e-19 -4.336808689942018e-19 -3.252606517456513e-19 -0.002453181140476323 -3.252606517456513e-19 -4.336808689942018e-19 -1.084202172485504e-19 -0.001410093544546709 -0.007314247613747482 -4.336808689942018e-19 -4.336808689942018e-19 
0 0 0 0 0.03287962746638409 0 -0.002542349331168769 -3.523657060577889e-19 0 0 0 -0.01052790392318570 -0.002251028695490320 -0.01020738020588270 0 0 0 -0.006941261761418072 -0.0004097035492384826 0 
0 0 0 0 0.02565308484621092 -0.001555977016318888 -0.009761643550356336 0 0 0 0 -0.003135209955668028 0 0 0 0 0 -0.008395134612749811 -0.002805119711117921 0 
-0.004112427576163295 0.1075656628454394 -0.04414309808631572 -0.03299774770073889 0.1106004020092962 -0.004011781911471002 -0.007796480362602003 -0.02062854292061580 -1.355252715606881e-19 -0.001060286558652645 -0.006944785554955204 -0.02186653208954786 -0.04305042278671394 -0.006584774216857788 -0.006775626456299570 0 -0.002016531152088330 -0.009524450645381708 -0.004279139592044456 -0.002373437244287587 
0 0.08531794893457287 0.1132270299195042 -0.09729767729291657 -0.08663753995082392 0 0.07220311330654763 -0.05282113408797309 0 0 -0.002305826831671310 -0.007661016177795247 0.07323327039371410 0 -0.007673758162394151 -0.08531794893457285 0 -0.0005945782863981730 -0.003671882829793381 0 
1.084202172485504e-19 0 -0.02363779505112253 0 0.01072909204934671 0 -3.469446951953614e-18 0 2.168404344971009e-19 0 0 0 -2.168404344971009e-19 0 2.168404344971009e-19 0 0.01290870300177581 2.710505431213761e-19 0 0 
-0.002524962540228622 -0.02841306002524104 0.1573266035417261 -0.01360060996326769 0.03443505698710517 -0.003947936788607017 8.131516293641283e-20 -0.01556830297996348 -0.01216879829338119 0 -0.009543756595631949 -0.01784784544474600 -0.01855013687130637 -0.02076113297444306 -0.01118429712575360 -0.02600554803928680 -0.0008732917664268832 -0.007954880018107980 -0.002817101102440179 0 
0 -0.07056805938070443 -0.09232218142280307 0.03579779968455159 0.05122927282532591 -1.965116437629977e-19 0.05194388275715254 -0.01372518354538479 -0.01829658613682955 -0.03467312260967143 -0.002084656554223296 -1.734723475976807e-18 0 -0.0009769882558380850 0 0.09367582263842492 2.168404344971009e-19 0 0 0 
0 0 0 0 1.908195823574488e-17 0.005784963828412537 6.505213034913027e-19 -0.005784963828412537 0 0 0 0 8.673617379884035e-19 0 0 0 -8.673617379884035e-19 9.080193194566100e-19 -8.673617379884035e-19 2.168404344971009e-19 
-0.01436867152196450 0.1221693065700577 -0.1253140893199411 0.05235161271483751 -0.04251919509914227 0 -0.1064249034357338 0.08773730477307089 0.04626314358675686 0 8.673617379884035e-19 -0.01746299274952152 8.673617379884035e-19 4.336808689942018e-18 0 -0.002431515518419835 1.734723475976807e-18 0 5.421010862427522e-19 0 
0 0.03571994021518266 0.07841062011434755 -0.05104243372937574 0.005737286347679669 -6.776263578034403e-21 0 0 2.710505431213761e-20 0 -0.007511706401395403 -4.336808689942018e-19 -0.0002799530570065431 0 0 -0.05168301937588620 -0.004128627740215607 -0.002944558157428489 -0.002277548215901981 0 
0 0.08046224325954962 0.02354889788183100 -0.002705127398717274 0.04536732706636808 -0.0004345947783788828 -0.003710170768714005 -7.047314121155779e-19 0 0 -0.002672021883232079 0 0 0 -0.0008733991473728331 -0.1340173687254794 -0.002874928717009717 0 -0.002090856788844575 0 
-0.004238669633462422 -0.1526054943534422 0.2172840265626188 -0.01925087160546866 0.01075872375446101 -0.004645078778007948 -0.005586576746662475 -0.001515503779006028 -0.003261217744270878 0.1059637985768768 -0.01026868029814584 0 0 -0.009688672686232183 -0.02493231826341294 -0.08403711411080562 -0.009707301563280455 0 -0.002158043221853894 -0.002111006109905333 
-0.003920197846772649 -0.02978049446785627 0.2933411691611194 -0.01137938693318774 -0.1373448464470413 -0.004406496741441485 -0.007937500503204206 -0.0006819507365828925 0.02935338988652248 0 -0.02172535318683022 -0.03589142466043273 0.08852154392288691 -0.01530077850548496 -0.01438299902096470 -0.1228633599518580 -0.001143972575755566 -0.002396489900164852 -0.002060851492951673 0 
-0.001210945450635492 -0.04554815333244412 -0.1013059471125048 -0.004987794081487237 0 -0.002188527474351207 -0.005586576746662478 -0.001515503779006028 -0.003261217744270878 0.2062305219661088 -0.003193811221233342 0 0 -0.003717127634825651 -0.02422763388142341 -0.006476442883790193 -0.001077627361175448 0 -0.001933213262298533 0 
-0.003920197846772649 -0.02978049446785627 0.2933411691611194 -0.01137938693318774 -0.01234484644704128 -0.004406496741441485 -0.007937500503204206 -0.0006819507365828925 0.02935338988652248 0 -0.02172535318683022 -0.03589142466043273 -0.03647845607711311 -0.01530077850548496 -0.01438299902096470 -0.1228633599518580 -0.001143972575755566 -0.002396489900164852 -0.002060851492951672 0 
0 0 0 0 0 0 0 0 0 0 0 0 0 0 0 0 0 0 0 0 
0 0 0 0 0 0 0 0 0 0 0 0 0 0 0 0 0 0 0 0 
0 0.03920959227137112 -0.03410719382407458 0.1000629952603523 -0.1250000000000000 -8.673617379884035e-19 2.168404344971009e-19 0 0 0 0 -0.03139888229866328 0.1250000000000000 -0.03455691913761440 0 -0.03920959227137111 0 -5.421010862427522e-20 0 0 
0 0 0 0 0 0 0 0 0 0 0 0 0 0 0 0 0 0 0 0 
-0.003051313640582328 -0.05142914941186432 0.2835724729822985 -0.005936237166380975 -0.02497914535379285 -0.002578743940430580 -0.006840479783967439 0 0 0 -0.01187573774718033 -0.01784784544474599 0 -0.02076113297444306 -0.008888778016670231 -0.1250000000000000 -0.004286719098808641 0 -9.719040343220131e-05 0 
0 0 0 0 0 0 0 0 0 0 0 0 0 0 0 0 0 0 0 0 
-0.003027724182826930 -0.07067062449452308 0.2500000000000000 -0.01426307752398143 0 -0.002456551303656740 0 -0.008590919694058896 0 -0.02945714737644684 -0.004341807239479208 0 0 -0.005971545051406530 -0.0007046843819895435 -0.1014000829752058 -0.006779999706964505 0 -0.0002248299595553616 -0.002111006109905333 
0 0 -0.07417429579169156 -0.004987794081487237 0 0 -0.005586576746662478 -0.001515503779006028 0 0.09549379550022562 -0.0002566126262382035 0 0 0 -0.008973012475140166 0 0 0 0 0 
-0.001210945450635492 -0.04554815333244412 -0.02713165132081320 0 0 -0.002188527474351207 0 0 -0.003261217744270878 0.1107367264658831 -0.002937198594995139 0 0 -0.003717127634825651 -0.01525462140628324 -0.006476442883790193 -0.001077627361175448 0 -0.001933213262298533 0 
0 0.3750000000000000 -0.1414676678733821 -0.003589309296567362 0 0 5.421010862427522e-20 -7.047314121155779e-19 0 0 -0.002672021883232079 0 0 0 -0.0008733991473728331 -0.2263976017994456 1.626303258728257e-19 0 0 0 
-0.003051313640582328 -0.05142914941186432 0.2835724729822985 -0.005936237166380975 -0.02497914535379285 -0.002578743940430580 -0.006840479783967439 0 0 0 -0.01187573774718033 -0.01784784544474599 0 -0.02076113297444306 -0.008888778016670231 -0.1250000000000000 -0.004286719098808641 0 -9.719040343220131e-05 0 
0 0 0 0 0 0 0 0 0 0 0 0 0 0 0 0 0 0 0 0 
0 0 0 0 0 0 0 0 0 0 0 0 0 0 0 0 0 0 0 0 
0 0 0 0 0 0 0 0 0 0 0 0 0 0 0 0 0 0 0 0 
0 0 0 0 0 0 0 0 0 0 0 0 0 0 0 0 0 0 0 0 
0 0 0 0 0 0 0 0 0 0 0 0 0 0 0 0 0 0 0 0 
0 -0.08161348536212606 0.3750000000000000 -0.04899147113799167 -0.02547971417282751 0 0 -0.0001547164520359963 0 -0.02073456486063074 -0.01050644301818122 -0.01723646507767132 0 -0.006345992088963403 -0.007921056040574092 -0.1560160917889976 0 0 0 0 
0 -0.06922870668530690 0.1636908751142781 0.1222948726012828 -0.06718019519630365 0 0 0 0 -0.02854611852626603 -0.002733061837433293 0 0 0 0 -0.1164479909751104 -0.001849674495140508 0 0 0 
0 0 -0.02363779505112253 0 6.938893903907228e-18 0 0 0 0 0 0 0 0 0 0 0 0.02363779505112253 0 0 0 
-0.01322523555704765 0.2500000000000000 -0.07520226380064772 -0.07227260680009397 0 0 0 0 0 0 -0.03062276356167663 -0.03731425372354504 0 -0.002371832993911483 -0.003917399115737475 -0.01507364444734004 0 0 0 0 
-0.007366807609913998 -0.04170105783588274 0.0006896810383045862 -0.003638472695920717 0 0 -0.003117144521870245 -0.004086566675356270 0 -0.01461638643197186 0 0.08691792884402887 0 1.084202172485504e-19 -0.01308117411141763 0 0 0 0 0 
0 0 0 0 0 0 0 0 0 0 0 0 0 0 0 0 0 0 0 0 
0 0 0 0 0 0 0 0 0 0 0 0 0 0 0 0 0 0 0 0 
0 0.1250000000000000 -0.09577014899026440 0.09712013836948971 0 0 -0.0003037193710007325 0 0 8.673617379884035e-19 -0.001046270008224592 0 0 0 -2.168404344971009e-19 -0.1250000000000000 0 0 0 0 
0 0.1250000000000000 0 0.02080429500018761 0 0 0 0 0 0 0 0 0 0 0 -0.1458042950001876 0 0 0 0 
0 0 0 0 0 0 0 0 0 0 0 0 0 0 0 0 0 0 0 0 
0 0 0 0 0 0 0 0 0 0 0 0 0 0 0 0 0 0 0 0 
-0.02059204316696166 0.08329894216411726 0.04979773619935227 -0.002948791657616140 0 0 -0.003117144521870245 -0.004086566675356270 0 -0.01461638643197186 -0.03062276356167663 -0.03808207115597113 0 1.084202172485504e-19 -0.01308117411141763 -0.005949737080627922 0 0 0 0 
-0.007366807609913998 -0.04170105783588274 0.0006896810383045862 -0.003638472695920717 0 0 -0.003117144521870245 -0.004086566675356270 0 -0.01461638643197186 0 0.08691792884402887 0 1.084202172485504e-19 -0.01308117411141763 0 0 0 0 0 
-0.008577753060549491 -0.1018233105315979 0.02369405288749524 -0.05640493526633195 0 -0.002188527474351207 -0.008703721268532723 -0.01348819215448020 -0.003261217744270878 0.1647099273972782 -0.003193811221233342 -0.04684684636287735 0 -0.003717127634825651 0.08769119200715894 -0.006476442883790193 -0.001077627361175448 -0.01840244606561767 -0.001933213262298533 0 
-0.001210945450635492 -0.04554815333244412 -0.1013059471125048 -0.004987794081487237 0 -0.002188527474351207 -0.005586576746662478 -0.001515503779006028 -0.003261217744270878 0.2062305219661088 -0.003193811221233342 0 0 -0.003717127634825651 -0.02422763388142341 -0.006476442883790193 -0.001077627361175448 0 -0.001933213262298533 0 
0 0.03122945096053190 -0.01177297008049578 0.02770232270708344 0 0 0 0 0 0 0 -0.01245741815998280 0 0 -0.01272122913486155 -0.02138557800587693 0 -0.0005945782863981736 0 0 
0 0 0 0 0 0 0 0 0 0 0 0 0 0 0 0 0 0 0 0 
-0.003027724182826930 -0.07067062449452308 0.2263622049488775 -0.01426307752398143 6.938893903907228e-18 -0.002456551303656740 4.336808689942018e-19 -0.008590919694058896 0 -0.02945714737644684 -0.004341807239479208 0 0 -0.005971545051406530 -0.0007046843819895435 -0.1014000829752058 0.01685779534415802 0 -0.0002248299595553616 -0.002111006109905333 
0 0 0 0 0 0 0 0 0 0 0 0 0 0 0 0 0 0 0 0 
0 0 0 0 0 0 0 0 0 0 0 0 0 0 0 0 0 0 0 0 
0 -0.1001989607283808 0 0.1250000000000000 0 0 0 0 0 0 0 0.1250000000000000 0 0 0 -0.1498010392716191 0 0 0 0 
0 0.02305816231562976 0 0.03871392234621917 0 0 0 0 0 0 0 -0.009656186118150957 0 0 -0.009909223667874566 -0.04196189924798416 0 -0.0002447756278394664 0 0 
0 0.07213255609138094 -0.05832661660741723 0.07578960935693874 0 0 0 0 0 0 0 -0.01746299274952152 0 0 0 -0.07213255609138094 0 0 0 0 
0 0.02318540751159129 -0.04775286657292969 0.07395756627062425 0 0 -0.001970494881328522 0 0 0 -0.02005142594298555 4.336808689942018e-19 4.336808689942018e-19 0 0 -0.02736818638497174 0 0 0 0 
0 0 0 0 0 0 0 0 0 0 0 0 0 0 0 0 0 0 0 0 
0 0 0 0 0 0 0 0 0 0 0 0 0 0 0 0 0 0 0 0 
-0.01436867152196450 0.1250000000000000 0 -0.08662055198610145 0 0 0 -0.01797299980868185 0 0 1.382357769919018e-18 -8.673617379884035e-19 0 0 0 -0.006037776683252227 0 0 0 0 
0 -0.01028655702968080 0 0 0 0 0 0 0 0 0 0.1250000000000000 0 0 0 -0.1147134429703192 0 0 0 0 
0 -0.03968205106542714 0.1250000000000000 0 0 0 0 0 0 0 0 0 0 0 0 -0.08531794893457285 0 0 0 0 
-0.007366807609913998 -0.04170105783588274 0.1250000000000000 -0.002948791657616140 0 0 -0.003117144521870245 -0.004086566675356270 0 -0.01461638643197186 0 -0.03808207115597113 0 1.084202172485504e-19 -0.01308117411141763 0 0 0 0 0 
0 0 0 0 0 0 0 0 0 0 0 0 0 0 0 0 0 0 0 0 
0 -0.03968205106542714 0.1250000000000000 0 0 0 0 0 0 0 0 0 0 0 0 -0.08531794893457285 0 0 0 0 
0 0 0 0 0 0 0 0 0 0 0 0 0 0 0 0 0 0 0 0 
0 0 0 0 0 0.005784963828412537 0 -0.005784963828412537 0 0 0 0 0 0 0 0 0 4.065758146820642e-20 -8.673617379884035e-19 0 
0 0 0 0.1250000000000000 0 0 0 0 0 0 0 3.469446951953614e-18 0 0 0 -0.1250000000000000 0 0 0 0 
0 0 0 0 0 0 0 0 0 0 0 0 0 0 0 0 0 0 0 0 
0 0 0 0 0 0 0 0 0 0 0 0 0 0 0 0 0 0 0 0 
0 0 0 0 0 0 0 0 0 0 0 0 0 0 0 0 0 0 0 0 
0 0 0 0 0 0 0 0 0 0 0 0 0 0 0 0 0 0 0 0 
0 0 0 0 0 0 0 0 0 0 0 0 0 0 0 0 0 0 0 0 
0 0 0 0 0 0 0 0 0 0 0 0 0 0 0 0 0 0 0 0 
0 0 0 0 0 0 0 0 0 0 0 0 0 0 0 0 0 0 0 0 
0 0 0 0 0 0 0 0 0 0 0 0 0 0 0 0 0 0 0 0 
0 0 0 0 0 0 0 0 0 0 0 0 0 0 0 0 0 0 0 0 
0 0 0 0 0 0 0 0 0 0 0 0 0 0 0 0 0 0 0 0 
0 0 0 0 0 0 0 0 0 0 0 0 0 0 0 0 0 0 0 0 
0 0 0 0 0 0 0 0 0 0 0 0 0 0 0 0 0 0 0 0 
0 0 0 0 0 0 0 0 0 0 0 0 0 0 0 0 0 0 0 0 
0 0 0 0 0 0 0 0 0 0 0 0 0 0 0 0 0 0 0 0 
0 0 0 0 0 0 0 0 0 0 0 0 0 0 0 0 0 0 0 0 
0 0 0 0 0 0 0 0 0 0 0 0 0 0 0 0 0 0 0 0 
0 0 0 0 0 0 0 0 0 0 0 0 0 0 0 0 0 0 0 0 
0 0 0 0 0 0 0 0 0 0 0 0 0 0 0 0 0 0 0 0 
0 0 0 0 0 0 0 0 0 0 0 0 0 0 0 0 0 0 0 0 
0 -0.08928005978481734 0.1250000000000000 0 -0.01140510722426824 0 0 0 0 0 0 0 0 0 0 -0.02431483299091445 0 0 0 0 
0 0 0 0 0 0 0 0 0 0 0 0 0 0 0 0 0 0 0 0 
0 0 0 0 0 0 0 0 0 0 0 0 0 0 0 0 0 0 0 0 
0 0 0 0 0 0 0 0 0 0 0 0 0 0 0 0 0 0 0 0 
0 0 0 0 0 0 0 0 0 0 0 0 0 0 0 0 0 0 0 0 
0 0 0 0 0 0 0 0 0 0 0 0 0 0 0 0 0 0 0 0 
0 0 0 0 0 0 0 0 0 0 0 0 0 0 0 0 0 0 0 0 
0 0 0 0 0 0 0 0 0 0 0 0 0 0 0 0 0 0 0 0 
0 0 0 0 0 0 0 0 0 0 0 0 0 0 0 0 0 0 0 0 
0 0 0 0 0 0 0 0 0 0 0 0 0 0 0 0 0 0 0 0 
0 0 0 0 0 0 0 0 0 0 0 0 0 0 0 0 0 0 0 0 
0 0 0 0 0 0 0 0 0 0 0 0 0 0 0 0 0 0 0 0 
-0.007366807609913998 -0.04170105783588274 0.1250000000000000 -0.002948791657616140 0 0 -0.003117144521870245 -0.004086566675356270 0 -0.01461638643197186 0 -0.03808207115597113 0 1.084202172485504e-19 -0.01308117411141763 0 0 0 0 0 
0 0 0 0 0 0 0 0 0 0 0 0 0 0 0 0 0 0 0 0 
0 -0.08928005978481734 0.1250000000000000 0 -0.01140510722426824 0 0 0 0 0 0 0 0 0 0 -0.02431483299091445 0 0 0 0 
0 0 0 0 0 0 0 0 0 0 0 0 0 0 0 0 0 0 0 0 
0 0 0 0 0 0 0 0 0 0 0 0 0 0 0 0 0 0 0 0 
0 0 0 0 0 0 0 0 0 0 0 0 0 0 0 0 0 0 0 0 
0 0 0 0 0 0 0 0 0 0 0 0 0 0 0 0 0 0 0 0 
0 0 0 0 0 0 0 0 0 0 0 0 0 0 0 0 0 0 0 0 
0 0 0 0 0 0 0 0 0 0 0 0 0 0 0 0 0 0 0 0 
-0.004112427576163295 0.1250000000000000 -0.04414309808631572 -0.02047534722431267 0 -0.004011781911471002 -0.0009007589231169547 0 -1.355252715606881e-19 -0.001060286558652646 -0.006944785554955202 -0.02186653208954786 0 -0.006584774216857788 -0.006775626456299570 0 -0.002016531152088330 -0.0008151718223645132 -0.002919441183567092 -0.002373437244287587 
0 0 0 0 0 0 0 0 0 0 0 0 0 0 0 0 0 0 0 0 
0 0 0 0 0 0 0 0 0 0 0 0 0 0 0 0 0 0 0 0 
0 0 0 0 0 0 0 0 0 0 0 0 0 0 0 0 0 0 0 0 
0 0 0 0 0 0 0 0 0 0 0 0 0 0 0 0 0 0 0 0 
0 0 0 0.1250000000000000 0 0 0 0 0 0 0 0 0 0 0 -0.1250000000000000 0 0 0 0 
0 0 0 0 0 0 0 0 0 0 0 0 0 0 0 0 0 0 0 0 
0 0 0 0 0 0 0 0 0 0 0 0 0 0 0 0 0 0 0 0 
0 0.1250000000000000 -0.01460084749816584 -0.03978371755011730 0 0 0 -5.421010862427522e-20 0 -0.01423460787020525 -0.002994908683548903 -0.004803725696759797 0 -0.001360335259320045 0 -0.04722185744188294 0 0 0 0 
0 0 0 0 0 0 0 0 0 0 0 0 0 0 0 0 0 0 0 0 
0 0 0 0 0 0 0 0 0 0 0 0 0 0 0 0 0 0 0 0 
0 -0.1198958064399544 5.637851296924623e-18 0.1250000000000000 0 0 0 0 0 0 0 0 0 0 0 -0.005104193560045589 0 0 0 0 
0 0 0 0 0 0 0 0 0 0 0 0 0 0 0 0 0 0 0 0 
0 0 0 0 0 0 0 0 0 0 0 0 0 0 0 0 0 0 0 0 
0 0 0 0 0 0 0 0 0 0 0 0 0 0 0 0 0 0 0 0 
-1.301042606982605e-18 -0.06915425503786884 -0.05584574496213111 0.1250000000000000 0 0 0 0 0 0 0 0 0 0 0 0 0 0 0 0 
0 0 0 0 0 0 0 0 0 0 0 0 0 0 0 0 0 0 0 0 
0 0 0 0 0 0 0 0 0 0 0 0 0 0 0 0 0 0 0 0 
0 0 0 0 0 0 0 0 0 0 0 0 0 0 0 0 0 0 0 0 
-0.007366807609913998 -0.04170105783588274 0.1250000000000000 -0.002948791657616140 0 0 -0.003117144521870245 -0.004086566675356270 0 -0.01461638643197186 0 -0.03808207115597113 0 1.084202172485504e-19 -0.01308117411141763 0 0 0 0 0 
0 0 0 0 0 0 0 0 0 0 0 0 0 0 0 0 0 0 0 0 
0 0 0 0 0 0 0 0 0 0 0 0 0 0 0 0 0 0 0 0 
0 0 0 0 0 0 0 0 0 0 0 0 0 0 0 0 0 0 0 0 
-0.004112427576163295 0.1250000000000000 -0.04414309808631572 -0.02047534722431267 0 -0.004011781911471002 -0.0009007589231169547 0 -1.355252715606881e-19 -0.001060286558652646 -0.006944785554955202 -0.02186653208954786 0 -0.006584774216857788 -0.006775626456299570 0 -0.002016531152088330 -0.0008151718223645132 -0.002919441183567092 -0.002373437244287587 
0 0 0 0 0 0 0 0 0 0 0 0 0 0 0 0 0 0 0 0 
0 0 0 0 0 0 0 0 0 0 0 0 0 0 0 0 0 0 0 0 
0 0 0 0 0 0 0 0 0 0 0 0 0 0 0 0 0 0 0 0 
0 0 0 0 0 0 0 0 0 0 0 0 0 0 0 0 0 0 0 0 
0 0 0 0 0 0 0 0 0 0 0 0 0 0 0 0 0 0 0 0 
0 0 0 0 0 0 0 0 0 0 0 0 0 0 0 0 0 0 0 0 
0 0 0 0 0 0 0 0 0 0 0 0 0 0 0 0 0 0 0 0 
0 0.1250000000000000 -0.03212140077159616 -0.04357693240691098 0 0 0 0 0 -0.01791179581181268 -0.007887735267452590 -0.008092020335452598 0 -0.002140065213513376 -0.002227435139226230 1.301042606982605e-18 0 0 0 -0.01104261505403548 
0 0 0 0 0 0 0 0 0 0 0 0 0 0 0 0 0 0 0 0 
0 0 0 0 0 0 0 0 0 0 0 0 0 0 0 0 0 0 0 0 
0 0.1250000000000000 -0.02053114552159974 -0.02426302834565166 0 0 0 0 0 0 -0.0007805337898222580 -0.0007987214157541880 -0.003205839212163708 0 0 -0.07542073171500877 0 0 -4.336808689942018e-19 0 
0 0 0 0 0 0 0 0 0 0 0 0 0 0 0 0 0 0 0 0 
0 0 0 0 0 0 0 0 0 0 0 0 0 0 0 0 0 0 0 0 
0 0 0 0 0 0 0 0 0 0 0 0 0 0 0 0 0 0 0 0 
0 0 0 0 0 0 0 0 0 0 0 0 0 0 0 0 0 0 0 0 
0 0.1250000000000000 -0.01663663616391893 0 0 0 0 0 0 0 0 0 0 0 0 -0.1083633638360811 0 0 0 0 
0 0 0 0 0 0 0 0 0 0 0 0 0 0 0 0 0 0 0 0 
0 0 0 0 0 0 0 0 0 0 0 0 0 0 0 0 0 0 0 0 
0 0 0 0 0 0 0 0 0 0 0 0 0 0 0 0 0 0 0 0 
0 0 0 0 0 0 0 0 0 0 0 0 0 0 0 0 0 0 0 0 
0 0 0 0 0 0 0 0 0 0 0 0 0 0 0 0 0 0 0 0 
0 0 0 0 0 0 0 0 0 0 0 0 0 0 0 0 0 0 0 0 
0 0 0 0 0 0 0 0 0 0 0 0 0 0 0 0 0 0 0 0 
0 0 -0.04866825187568282 0.1250000000000000 0 0 0 0 0 0 0 0 0 0 0 -0.07633174812431717 0 0 0 0 
0 0 0 0 0 0 0 0 0 0 0 0 0 0 0 0 0 0 0 0 
0 0 0 0 0 0 0 0 0 0 0 0 0 0 0 0 0 0 0 0 
0 0 0 0 0 0 0 0 0 0 0 0 0 0 0 0 0 0 0 0 
0 0 0 0 0 0 0 0 0 0 0 0 0 0 0 0 0 0 0 0 
0 0 0 0 0 0 0 0 0 0 0 0 0 0 0 0 0 0 0 0 
